10000 0.3737 5.0324
20000 1.3236 10.3068
30000 1.0637 15.5747
40000 1.1919 22.309
50000 1.4026 24.9929
60000 1.7405 31.4577
70000 1.9685 36.4534
80000 3.4869 40.2057
90000 2.528 42.5909
100000 2.7631 45.8233
110000 2.975 49.0794
120000 3.3443 57.4734
130000 3.5032 58.5024
140000 4.0135 63.3971
150000 4.1109 71.3805
160000 4.4897 76.8979
170000 4.7609 79.0251
180000 5.1631 87.3782
190000 5.3472 85.9237
200000 5.6191 103.888
210000 7.6999 97.6221
220000 6.6401 100.303
230000 6.4958 104.476
240000 6.804 108.548
250000 8.6901 113.997
260000 7.8155 117.664
270000 10.2108 125.81
280000 9.9139 134.497
290000 10.7408 134.615
300000 10.653 137.523
310000 10.4214 140.433
320000 11.6753 145.567
330000 12.191 149.577
340000 11.699 152.467
350000 12.1158 156.337
360000 13.3921 164.807
370000 12.6093 168.848
380000 13.4351 173.458
390000 13.9398 177.733
400000 14.1732 178.992
410000 14.3225 184.819
420000 14.9171 188.754
430000 15.1343 193.875
440000 15.1396 195.54
450000 16.1832 202.471
460000 19.2014 211.162
470000 16.9066 218.376
480000 17.4647 218.754
490000 17.796 223.39
500000 21.1699 239.771
510000 18.1316 230.63
520000 19.3957 232.73
530000 24.0516 248.328
540000 24.9446 255.223
550000 24.4145 254.612
560000 25.6974 257.868
570000 25.1111 266.57
580000 26.3111 264.246
590000 26.5782 275.053
600000 25.6435 272.807
610000 26.6895 285.508
620000 26.1434 283.349
630000 26.7448 291.214
640000 27.1958 290.489
650000 27.0192 299.019
660000 27.0575 295.189
670000 28.1451 304.321
680000 28.4573 305.843
690000 30.3336 315.395
700000 30.8402 319.702
710000 31.3511 320.16
720000 31.3367 330.864
730000 32.8337 327.061
740000 31.5108 334.224
750000 31.8154 337.772
760000 32.858 339.902
770000 32.5266 350.383
780000 32.5439 351.772
790000 31.9999 355.329
800000 32.4748 359.633
810000 33.6932 361.464
820000 34.1118 371.946
830000 33.8086 369.832
840000 36.0878 377.163
850000 36.0205 381.929
860000 36.1311 390.209
870000 36.6807 399.114
880000 41.4657 399.13
890000 38.9279 401.419
900000 38.9238 407.793
910000 41.3536 421.078
920000 44.5525 410.79
930000 42.6586 422.279
940000 52.6202 427.689
950000 44.0816 429.476
960000 46.032 434.189
970000 48.1266 439.871
980000 48.4358 446.543
990000 51.2074 475.174
1000000 48.9842 456.216
