10000 0.3305 5.4547
20000 0.7938 18.8996
30000 1.2747 18.0507
40000 2.8756 34.3263
50000 2.0109 27.6623
60000 2.2659 32.6314
70000 2.1622 38.8016
80000 4.0805 42.6575
90000 3.2979 49.1436
100000 4.3389 56.5142
110000 4.5644 62.3176
120000 4.2548 64.9271
130000 4.1691 65.6284
140000 4.9768 69.4019
150000 5.5611 101.894
160000 9.9113 90.1046
170000 6.1323 94.6546
180000 8.7305 115.974
190000 10.7872 104.512
200000 7.708 110.744
210000 8.5292 114.633
220000 9.0804 112.744
230000 7.6424 113.595
240000 8.8416 120.721
250000 8.3953 128.984
260000 8.6237 131.808
270000 12.453 144.289
280000 11.8713 150.318
290000 12.3389 160.25
300000 12.8056 160.267
310000 13.6882 172.753
320000 13.9991 162.858
330000 14.4792 187.448
340000 15.4996 172.836
350000 17.1761 183.3
360000 16.6401 190.049
370000 16.8513 190.839
380000 22.5146 195.735
390000 17.9859 201.799
400000 17.0147 205.5
410000 19.8567 203.002
420000 20.309 206.579
430000 20.0002 223.533
440000 20.4734 219.233
450000 21.556 229.965
460000 22.1363 233.844
470000 20.9605 245.016
480000 22.8006 244.847
490000 24.8603 254.675
500000 26.0629 267.788
510000 28.7176 253.375
520000 27.0015 255.663
530000 29.825 272.539
540000 30.2522 294.467
550000 29.8832 290.284
560000 30.6855 284.924
570000 30.8097 308.627
580000 31.0993 318.014
590000 31.3002 300.867
600000 31.9325 308.479
610000 32.9539 332.537
620000 32.9693 326.805
630000 33.1983 338.674
640000 34.4245 326.568
650000 33.1555 327.418
660000 34.8666 339.209
670000 35.5829 340.773
680000 36.9213 358.711
690000 37.9699 367.92
700000 37.9495 368.603
710000 40.3705 395.954
720000 42.515 384.472
730000 44.0312 379.32
740000 45.7251 401.458
750000 44.9403 410.229
760000 46.4732 387.993
770000 48.7083 401.447
780000 49.4567 410.275
790000 50.1399 420.318
800000 49.2818 416.466
810000 48.3556 433.074
820000 51.9952 432.067
830000 51.9943 430.037
840000 53.0774 458.158
850000 53.3292 442.419
860000 55.4462 463.852
870000 55.0067 461.84
880000 55.1591 467.411
890000 56.4156 480.011
900000 57.0877 489.489
910000 60.9059 491.784
920000 59.2057 482.82
930000 59.4791 491.719
940000 62.1568 494.176
950000 63.3275 494.09
960000 64.6554 507.308
970000 64.9222 523.103
980000 65.3739 519.761
990000 68.6392 518.948
1000000 67.6984 525.137
