10000 0.0306422 0.0254716 0.00643244
20000 0.0301333 0.0249693 0.00639913
30000 0.0289894 0.0254902 0.00616915
40000 0.0284026 0.0246928 0.00688429
50000 0.0297265 0.0245679 0.00632911
60000 0.0280989 0.0243212 0.0065225
70000 0.0281439 0.0245529 0.00695168
80000 0.0283563 0.0257345 0.00701887
90000 0.0283051 0.0247334 0.00689123
100000 0.0284303 0.0249135 0.00693576
110000 0.0286441 0.0248831 0.00703316
120000 0.028943 0.0250652 0.00723523
130000 0.0286228 0.0251172 0.00723606
140000 0.0285813 0.0250275 0.00718893
150000 0.0283811 0.0250764 0.00716379
160000 0.0285177 0.0249645 0.00722891
170000 0.0283481 0.0250868 0.0075016
180000 0.028443 0.0251425 0.0072852
190000 0.0282071 0.025118 0.00718552
200000 0.0283117 0.0249384 0.00731653
210000 0.0282102 0.0250038 0.00734956
220000 0.0282512 0.0254078 0.00730252
230000 0.0282813 0.0248022 0.00734149
240000 0.028148 0.0249358 0.00726793
250000 0.0285953 0.0250993 0.00713693
260000 0.0281564 0.0248133 0.00699312
270000 0.0283416 0.0248205 0.00772755
280000 0.0281379 0.0245896 0.00726652
290000 0.028216 0.0247354 0.00701696
300000 0.028139 0.0244312 0.00709958
310000 0.0282469 0.0248853 0.0069602
320000 0.0279456 0.0246658 0.00674909
330000 0.02794 0.0245132 0.0066571
340000 0.0279769 0.0244596 0.00676228
350000 0.0278943 0.0249398 0.00663426
360000 0.0281956 0.0245005 0.00648137
370000 0.0278596 0.0243933 0.00661327
380000 0.0279332 0.0243448 0.00671098
390000 0.0282542 0.0244772 0.00658609
400000 0.0281294 0.0252427 0.00693541
410000 0.0290596 0.0246514 0.00664603
420000 0.0281682 0.0245515 0.00647246
430000 0.027975 0.0244889 0.00674928
440000 0.0279939 0.0247938 0.00661898
450000 0.0282055 0.0245682 0.00663784
460000 0.0282315 0.0248734 0.0066268
470000 0.0281249 0.0246213 0.00654735
480000 0.0280814 0.0247735 0.00647744
490000 0.0283694 0.0247297 0.00661785
500000 0.0281546 0.024764 0.0066355
510000 0.0281388 0.0246987 0.00670743
520000 0.0281752 0.0247805 0.0065486
530000 0.0283273 0.024654 0.00726628
540000 0.0282962 0.0247522 0.00677292
550000 0.0283724 0.0251622 0.00675913
560000 0.0286579 0.0251594 0.00676123
570000 0.0286863 0.0250927 0.00685497
580000 0.0287482 0.0254239 0.00677798
590000 0.0287906 0.025213 0.006896
600000 0.0288918 0.0253287 0.0070864
610000 0.0287316 0.0253155 0.00699454
620000 0.0281902 0.0248126 0.00666394
630000 0.0281216 0.0247459 0.00680455
640000 0.0281966 0.0246734 0.00698757
650000 0.0287059 0.024749 0.0068419
660000 0.028332 0.0244804 0.0068341
670000 0.0276306 0.0246909 0.00690296
680000 0.0276683 0.0244156 0.00703402
690000 0.0279897 0.0244326 0.00657841
700000 0.0278689 0.0246405 0.00700919
710000 0.0277885 0.0246303 0.0069848
720000 0.0280544 0.0246441 0.00658876
730000 0.0277606 0.0246826 0.00711019
740000 0.0282924 0.0248313 0.00722024
750000 0.0283272 0.0249712 0.00713956
760000 0.0282012 0.0247073 0.00677476
770000 0.0279036 0.0246258 0.0069591
780000 0.027957 0.0249043 0.00700515
790000 0.0283753 0.0249113 0.00698854
800000 0.0282888 0.0250141 0.00683874
810000 0.0286439 0.0249557 0.00680958
820000 0.0285611 0.0250586 0.00678154
830000 0.0283319 0.0249983 0.00692993
840000 0.0283414 0.0250423 0.00701739
850000 0.0283347 0.0250343 0.00703227
860000 0.0284303 0.0250448 0.00707776
870000 0.0284225 0.0250242 0.00695948
880000 0.0284234 0.025125 0.00703775
890000 0.0284516 0.0250145 0.00715876
900000 0.0285065 0.0249291 0.00719799
910000 0.0283895 0.0250079 0.00753207
920000 0.028768 0.0255999 0.00715422
930000 0.0291994 0.025464 0.00718522
940000 0.0289967 0.0253778 0.00729451
950000 0.0289712 0.0255822 0.00720209
960000 0.0291074 0.0256714 0.0073297
970000 0.0289866 0.0254359 0.00711632
980000 0.0290346 0.0255479 0.0072183
990000 0.02892 0.0255772 0.007121
1000000 0.0288925 0.0254783 0.00717173
