10000 0.0161986 0.0190014 0.00656823
20000 0.0168501 0.0185894 0.00629551
30000 0.0163597 0.017932 0.00597256
40000 0.0166769 0.0181217 0.00587494
50000 0.0162582 0.0179596 0.00624786
60000 0.0162828 0.0182553 0.00593883
70000 0.0166096 0.0180667 0.00656335
80000 0.0164376 0.0181776 0.00599599
90000 0.0164087 0.0182619 0.00607354
100000 0.0164935 0.0182781 0.00609903
110000 0.0165718 0.0182991 0.00595279
120000 0.016598 0.01816 0.00621776
130000 0.0164798 0.0185371 0.00598062
140000 0.0163487 0.0183633 0.00615549
150000 0.0164186 0.0183403 0.00608187
160000 0.0165831 0.0182661 0.00630503
170000 0.0161465 0.0182658 0.00607429
180000 0.01639 0.0182835 0.00630703
190000 0.0164307 0.0182787 0.00605201
200000 0.0163792 0.0185589 0.00608817
210000 0.0163759 0.0185605 0.00616711
220000 0.0166576 0.0184407 0.00638693
230000 0.0166411 0.0186548 0.00608125
240000 0.017137 0.0181605 0.00617934
250000 0.0165395 0.0186391 0.00625162
260000 0.0167665 0.0183458 0.00622049
270000 0.0164864 0.0184439 0.00612701
280000 0.0167186 0.018626 0.00614796
290000 0.016933 0.0185505 0.00619466
300000 0.0166789 0.0186983 0.0063567
310000 0.0167095 0.0187912 0.00617629
320000 0.0165918 0.0188992 0.00612475
330000 0.0166841 0.0187214 0.00610532
340000 0.0165669 0.0186701 0.00628998
350000 0.0166661 0.0187125 0.00623386
360000 0.0165646 0.0185609 0.00618303
370000 0.0167081 0.018872 0.00626678
380000 0.0166835 0.0187458 0.00617661
390000 0.0168501 0.0187123 0.00632195
400000 0.0165689 0.018823 0.00626495
410000 0.0167151 0.0185723 0.00628219
420000 0.0166211 0.0188914 0.00626834
430000 0.0166073 0.0187485 0.00624664
440000 0.016914 0.0189712 0.00632035
450000 0.0166725 0.0188662 0.0064077
460000 0.0166608 0.0186797 0.00670209
470000 0.0171072 0.0189694 0.00636019
480000 0.0165824 0.0188279 0.00627843
490000 0.0165501 0.0189226 0.00630636
500000 0.0166303 0.0188619 0.00643768
510000 0.0166359 0.0187498 0.00632961
520000 0.0166668 0.0187972 0.00630604
530000 0.0166966 0.0187377 0.0063878
540000 0.0165931 0.0186948 0.00635155
550000 0.0166516 0.0187646 0.00635812
560000 0.0165712 0.0188053 0.00642346
570000 0.0168023 0.0185429 0.00639025
580000 0.0165805 0.0185828 0.00644482
590000 0.0165884 0.0187396 0.00645222
600000 0.0166522 0.0186977 0.00647297
610000 0.0167453 0.0187171 0.00637381
620000 0.0164114 0.0187865 0.00645433
630000 0.0165552 0.018709 0.00651453
640000 0.0168 0.0190925 0.00645896
650000 0.0165935 0.0187457 0.00640329
660000 0.0167297 0.0189045 0.00645095
670000 0.0169776 0.018786 0.00642878
680000 0.0167855 0.0188906 0.0065002
690000 0.0169947 0.0187744 0.00647898
700000 0.0164935 0.0190217 0.00642118
710000 0.0167906 0.0189746 0.00655703
720000 0.0165865 0.0190079 0.00648109
730000 0.0169479 0.0187977 0.00647898
740000 0.0165755 0.0187675 0.00649272
750000 0.0165967 0.0187285 0.00655342
760000 0.0167141 0.0188179 0.00651489
770000 0.0166224 0.019088 0.0065135
780000 0.0165453 0.0187456 0.00658622
790000 0.0167841 0.018793 0.00655712
800000 0.0169182 0.0190091 0.00650918
810000 0.0168535 0.0187702 0.00649157
820000 0.0168966 0.0189736 0.00650215
830000 0.0166779 0.0190884 0.00652683
840000 0.0167091 0.0185294 0.00673568
850000 0.0167069 0.0187614 0.00673907
860000 0.0170933 0.0188912 0.00674055
870000 0.0165919 0.0189178 0.00675726
880000 0.0165592 0.0189052 0.00671648
890000 0.0167857 0.0188265 0.00675946
900000 0.0167636 0.0189187 0.00679713
910000 0.0166099 0.0187965 0.00679222
920000 0.0164973 0.0188773 0.00682201
930000 0.0165085 0.0189607 0.00676073
940000 0.0165773 0.0187545 0.00680693
950000 0.0167743 0.0189184 0.00679928
960000 0.0166698 0.0187859 0.00683216
970000 0.0166034 0.0189449 0.00682785
980000 0.0165796 0.0187741 0.00683962
990000 0.0165215 0.0188596 0.00682003
1000000 0.0166831 0.0190436 0.00692599
