100 0.158 0.1819 0.1519 0.1705
1100 0.2302 0.2405 0.1973 0.2159
2100 0.2127 0.2374 0.2099 0.2275
3100 0.209 0.2246 0.2094 0.2217
4100 0.2162 0.2342 0.205 0.2451
5100 0.235 0.2554 0.2108 0.2457
6100 0.2608 0.2323 0.2149 0.2348
7100 0.2202 0.2526 0.2332 0.2407
8100 0.2412 0.3116 0.2239 0.2411
9100 0.2317 0.2618 0.2256 0.2493
10100 0.2302 0.2546 0.226 0.2626
11100 0.2278 0.2666 0.2265 0.2427
12100 0.2599 0.2438 0.2227 0.2461
13100 0.231 0.2689 0.2424 0.2536
14100 0.2617 0.2575 0.2332 0.2676
15100 0.2513 0.2671 0.2334 0.2674
16100 0.2397 0.2645 0.2256 0.2745
17100 0.2599 0.2755 0.2379 0.2529
18100 0.2451 0.2615 0.232 0.2582
19100 0.2391 0.2714 0.2416 0.2569
20100 0.2672 0.2675 0.2298 0.2566
21100 0.2489 0.2623 0.2331 0.2686
22100 0.2489 0.2578 0.2342 0.2609
23100 0.2565 0.2742 0.2348 0.2692
24100 0.2436 0.2737 0.2351 0.2721
25100 0.2467 0.2866 0.2417 0.2607
26100 0.2642 0.2816 0.2459 0.2808
27100 0.2476 0.281 0.2368 0.2756
28100 0.2743 0.2916 0.2475 0.2808
29100 0.2587 0.2695 0.252 0.2628
30100 0.2632 0.2775 0.2505 0.2689
31100 0.2546 0.2758 0.241 0.2842
32100 0.3891 0.2897 0.2401 0.2652
33100 0.253 0.2878 0.2617 0.2868
34100 0.2538 0.2872 0.2504 0.2977
35100 0.2631 0.3056 0.2563 0.2801
36100 0.2519 0.2697 0.2474 0.2633
37100 0.2711 0.2871 0.2453 0.2799
38100 0.2703 0.282 0.2439 0.2782
39100 0.2618 0.2862 0.2416 0.2959
40100 0.271 0.2814 0.2448 0.2806
41100 0.2695 0.2909 0.2485 0.2713
42100 0.2471 0.2718 0.2583 0.2647
43100 0.2589 0.2737 0.2527 0.2686
44100 0.2532 0.2783 0.2503 0.2822
45100 0.2695 0.2819 0.2504 0.2777
46100 0.2756 0.2832 0.248 0.2865
47100 0.2539 0.2714 0.2499 0.291
48100 0.2656 0.3157 0.2478 0.2724
49100 0.2854 0.3002 0.2479 0.3075
